
dLdw3
[[-0.3391343,-0.3070612,-0.30313  ,-0.327124 ,-0.3050196,-0.4497926,
  -0.4267791,-0.3325929,-0.3236043,-0.2690817]]
dLdw2
[[-0.0026583,-0.0027216,-0.0030314,-0.0026614,-0.0035749,-0.003054 ,
  -0.001583 ,-0.0039529,-0.0026297,-0.0016871],
 [-0.0203089,-0.0207926,-0.0231594,-0.0203328,-0.0273116,-0.0233324,
  -0.012094 ,-0.0301994,-0.0200905,-0.0128889],
 [ 0.0041882, 0.004288 , 0.0047761, 0.0041932, 0.0056324, 0.0048117,
   0.0024941, 0.0062279, 0.0041432, 0.002658 ],
 [-0.0014282,-0.0014622,-0.0016286,-0.0014299,-0.0019206,-0.0016408,
  -0.0008505,-0.0021237,-0.0014128,-0.0009064],
 [-0.0058626,-0.0060022,-0.0066854,-0.0058695,-0.007884 ,-0.0067354,
  -0.0034912,-0.0087177,-0.0057995,-0.0037206],
 [ 0.0212903, 0.0217973, 0.0242785, 0.0213153, 0.0286313, 0.0244598,
   0.0126784, 0.0316587, 0.0210612, 0.0135117],
 [ 0.0130244, 0.0133346, 0.0148525, 0.0130398, 0.0175154, 0.0149634,
   0.0077561, 0.0193674, 0.0128843, 0.0082658],
 [-0.011318 ,-0.0115875,-0.0129066,-0.0113314,-0.0152206,-0.013003 ,
  -0.0067399,-0.0168299,-0.0111963,-0.0071829],
 [-0.0116651,-0.0119429,-0.0133024,-0.0116788,-0.0156873,-0.0134017,
  -0.0069466,-0.017346 ,-0.0115396,-0.0074031],
 [ 0.0211956, 0.0217003, 0.0241705, 0.0212205, 0.028504 , 0.024351 ,
   0.012622 , 0.0315179, 0.0209676, 0.0134516]]
dLdw1
[[ 0.0013544, 0.0042045],
 [ 0.0002039, 0.0006331],
 [ 0.0033589, 0.0104275],
 [ 0.0008619, 0.0026756],
 [-0.0003105,-0.0009639],
 [-0.0016531,-0.0051319],
 [-0.0007315,-0.002271 ],
 [ 0.0011121, 0.0034525],
 [-0.0003489,-0.0010831],
 [ 0.0017091, 0.0053059]]
dLdb3
[-0.7513037]
dLdb2
[-0.0062999,-0.0481306, 0.0099258,-0.0033847,-0.0138939, 0.0504563,
  0.0308669,-0.0268229,-0.0276454, 0.0502319]
dLdb1
[ 0.0042549, 0.0006407, 0.0105526, 0.0027077,-0.0009754,-0.0051935,
 -0.0022982, 0.0034939,-0.0010961, 0.0053695]