
dLdw3
[[-1.1294516,-0.5752896,-1.1747783,-1.096516 ,-1.0257739]]
dLdw2
[[-0.0352469,-0.0341221,-0.0466714,-0.0492586,-0.0220244,-0.0230503,
  -0.0425868,-0.0493314,-0.0361005,-0.0348435],
 [ 0.0477482, 0.0462245, 0.0632248, 0.0667296, 0.029836 , 0.0312258,
   0.0576914, 0.0668282, 0.0489047, 0.0472018],
 [ 0.0536075, 0.0518967, 0.0709831, 0.074918 , 0.0334973, 0.0350576,
   0.0647708, 0.0750287, 0.0549058, 0.052994 ],
 [ 0.0170999, 0.0165542, 0.0226425, 0.0238976, 0.0106851, 0.0111828,
   0.0206608, 0.023933 , 0.0175141, 0.0169042],
 [ 0.0212497, 0.0205716, 0.0281373, 0.0296971, 0.0132781, 0.0138966,
   0.0256748, 0.029741 , 0.0217644, 0.0210065]]
dLdw1
[[ 0.0025872, 0.0045841],
 [ 0.0014506, 0.0025703],
 [-0.0044858,-0.0079482],
 [-0.0021293,-0.0037728],
 [-0.0004203,-0.0007447],
 [-0.0041614,-0.0073735],
 [ 0.0022857, 0.00405  ],
 [ 0.003307 , 0.0058596],
 [ 0.0017463, 0.0030942],
 [-0.0048133,-0.0085284]]
dLdb3
[-1.8975985]
dLdb2
[-0.0764258, 0.1035325, 0.116237 , 0.0370777, 0.0460758]
dLdb1
[ 0.0065181, 0.0036547,-0.0113015,-0.0053645,-0.0010589,-0.0104844,
  0.0057587, 0.0083318, 0.0043996,-0.0121266]